4775
4777
4779
4782
4785
4788
4795
4797
4798
4799
4800
4801
4802
4803
4805
4808
4809
4810
4813
4817
4819
4821
4822
4823
4824
4825
4829
4831
4833
4841
4842
4843
4844
4845
4846
4847
4848
4849
4850
4857
4858
4860
4862
4863
4864
4865
4866
4875
4881
4882
4883
4884
4885
4886
4887
4888
4889
4890
4891
4892
4899
4900
4901
4902
4903
4904
4914
4915
4916
4917
4918
4927
4928
4929
4930
4931
4932
4933
4934
4935
4936
4937
4947
4948
4949
4950
4951
4952
4958
4959
4960
4961
4962
4963
4964
4969
4970
4971
4972
4973
4977
